float G[12][12]={{0,2.9845,3.1752,3.159,3.2373,1.5396,12.87,4.632,8.916,11.47,10.818,6.7973},{2.9845,0,0.19235,3.4399,3.4361,2.8282,10.003,3.0679,5.9967,8.6373,8.06,4.2789},{3.1752,0.19235,0,3.5651,3.557,2.9815,9.8306,3.0669,5.8194,8.4696,7.9014,4.1572},{3.159,3.4399,3.5651,0,0.10057,4.4134,11.299,2.33,7.7335,9.8565,9.0539,4.9841},{3.2373,3.4361,3.557,0.10057,0,4.4744,11.21,2.2403,7.6557,9.7673,8.9625,4.8967},{1.5396,2.8282,2.9815,4.4134,4.4744,0,12.781,5.3539,8.7512,11.437,10.882,7.0734},{12.87,10.003,9.8306,11.299,11.21,12.781,0,8.9695,4.0369,1.4424,2.303,6.3197},{4.632,3.0679,3.0669,2.33,2.2403,5.3539,8.9695,0,5.4856,7.5271,6.7253,2.6603},{8.916,5.9967,5.8194,7.7335,7.6557,8.7512,4.0369,5.4856,0,2.7653,2.4945,2.9441},{11.47,8.6373,8.4696,9.8565,9.7673,11.437,1.4424,7.5271,2.7653,0,0.93279,4.878},{10.818,8.06,7.9014,9.0539,8.9625,10.882,2.303,6.7253,2.4945,0.93279,0,4.1085},{6.7973,4.2789,4.1572,4.9841,4.8967,7.0734,6.3197,2.6603,2.9441,4.878,4.1085,0}};